
 NPM(K)    PM(M)      WS(M)     CPU(s)      Id  SI ProcessName
 ------    -----      -----     ------      --  -- -----------
      8     2.10       2.07       0.00    4008   0 AdminService
     19     8.88       1.15       0.36    2784   8 ApplicationFrameHost
     14    13.55      18.95      18.62    6252   0 audiodg
     24   208.07     196.11     220.23    2892   8 Code
     14    31.93      16.78       1.14    5048   8 Code
     26   134.81      91.86      58.91    6504   8 Code
     12    10.47      15.80       0.06    6784   8 Code
     16    13.36      16.62       2.23    8412   8 Code
     14    22.24      22.45       0.97    8900   8 Code
     15    32.71      27.12       4.64    8992   8 Code
     18    83.84      77.94      32.45    9080   8 Code
    223    74.11      75.38      95.00   12080   8 Code
     49    50.17      50.35      36.72   15328   8 Code
      8     1.53       6.65       0.84    3804   8 conhost
      7     6.09       0.51       0.00    5652   0 conhost
      7     6.25      10.97       0.00    5656   8 conhost
      7     6.24      10.98       0.00   10488   8 conhost
      7     6.25      10.97       0.00   11076   8 conhost
      7     6.26      10.97       0.03   11580   8 conhost
     12     6.88       1.60       2.22   12040   8 conhost
      7     6.25      10.97       0.00   13584   8 conhost
      8     1.41       5.93       0.05    6940   8 crashpad_handler
      8     1.38       1.70       0.14    8008   8 crashpad_handler
     26     2.30       1.89       0.00     696   0 csrss
     21     2.43       6.11       0.00   10836   8 csrss
     16     4.60       8.26      18.55    5532   8 ctfmon
     22    11.38       7.24       0.00    3992   0 dasHost
      6     0.95       0.26       0.00    5092   0 dasHost
     18     3.84       3.72       0.00    3924   0 dllhost
     17     3.50      11.17       0.22   10500   8 dllhost
     49    43.05      15.85       0.00   11604   0 DSAService
     30    30.17      16.46     103.08    5808   8 DSATray
     25    41.09      12.71       0.00   10524   0 DSAUpdateService
     34    47.57      21.34       0.00   11028   8 dwm
     85    74.23      61.15     235.03   12584   8 explorer
     11    20.25       7.42      11.59     880   8 firefox
    143   350.45     264.23   1,028.66    2852   8 firefox
     23    43.68      19.57       7.12    5928   8 firefox
     14    20.76       8.50       8.80    6044   8 firefox
     16    25.44      27.65       0.12    6172   8 firefox
     16    25.42      27.51       0.16    6472   8 firefox
     15    19.44       3.33       0.42    8552   8 firefox
     56   264.17      96.36   1,048.98   11024   8 firefox
     16    25.56      27.75       0.12   11680   8 firefox
     19    22.67      12.84     382.02   12160   8 firefox
     70   331.92     198.84     112.14   12524   8 firefox
     65   203.88     207.24     127.09   12564   8 firefox
     61   330.79      91.22     139.97   13000   8 firefox
     23    42.93       5.94       2.42   13144   8 firefox
      6     1.66       0.40       0.00     680   0 fontdrvhost
     17     5.73       3.73       0.00    5916   8 fontdrvhost
      7     1.15       3.67       0.00    3456   0 gameinputsvc
     13     3.56       4.53       0.00   12076   8 gameinputsvc
     26    10.55      12.98       0.00    1628   0 gamingservices
      6     1.09       0.28       0.00    1624   0 gamingservicesnet
      7     1.49       5.84       0.00     316   8 git
      8    66.27       7.39       0.00    8264   8 git
      6     1.46       5.67       0.00    8304   8 git
      2     1.03       1.50       0.00    8528   8 git
      7     1.49       5.79       0.00    9220   8 git
      1     1.02       1.50       0.00    9352   8 git
      2     1.02       2.27       0.00   11624   8 git
      7     1.49       5.85       0.00   14656   8 git
      7     1.50       5.86       0.00   14752   8 git
     27    50.40      12.40       4.67    3564   8 GoogleDriveFS
     21    13.99       2.60       1.19    4036   8 GoogleDriveFS
     56    40.95      23.99      55.69    5640   8 GoogleDriveFS
     16    13.36       0.50       0.69    7932   8 GoogleDriveFS
     21    29.51      15.54       2.91    8232   8 GoogleDriveFS
     18    12.62       3.05       0.39   12464   8 GoogleDriveFS
     19    17.21       2.40       0.39   13832   8 GoogleDriveFS
      0     0.06       0.01       0.00       0   0 Idle
     34    20.00      12.80       1.72    5872   8 IGCC
     34    45.59      14.43       7.70    7392   8 IGCCTray
     10     1.82       5.52       0.00    2300   0 igfxCUIService
     15     3.59       7.64       9.41    1060   8 igfxEM
      8     1.44       1.39       0.00    1584   0 IntelCpHDCPSvc
      7     1.47       4.04       0.00    2024   0 IntelCpHeciSvc
     17     8.54       3.77       0.00    3704   0 IpOverUsbSvc
     10     1.25       0.33       0.00    1960   0 jhi_service
     15     3.26       2.45       0.00    9052   0 LMS
      8     1.34       0.80       0.00     948   0 LsaIso
     34    12.92      20.72       0.00     956   0 lsass
      0     1.61      25.25       0.00    2396   0 Memory Compression
     19    45.28       8.12       0.00   13856   0 MoUsoCoreWorker
     13     2.83       1.35       0.00    4800   0 msdtc
     94   289.43     131.39       0.00    8884   0 MsMpEng
     12     6.19       5.62       0.00   13084   0 NisSrv
     29    40.22      16.63       0.00    3872   0 OfficeClickToRun
     29    40.90      13.53       0.00    3852   0 OneApp.IGCC.WinService
     10     2.13       3.02       0.00    8648   0 openvpn
     12    30.55      31.97      80.44   11116   8 plugin-container
     27    23.68       2.47       0.00    2848   0 PresentationFontCache
    105   115.05     129.70      34.42    6704   8 pwsh
     17     4.75       8.78       1.20    9464   8 RAVCpl64
     15    12.30      47.89       0.00     108   0 Registry
     10     2.39       3.54       0.23    6716   8 rundll32
     20     6.80       4.49       2.77    2568   8 RuntimeBroker
     11     2.68      10.15       0.23    8740   8 RuntimeBroker
     22     7.48      14.38       5.05   11620   8 RuntimeBroker
     17     4.57      11.65       6.95   14444   8 RuntimeBroker
     90   106.26      14.18      16.55   10088   8 SearchApp
     78    50.95      10.73       0.00    4056   0 SearchIndexer
      0     0.18      14.21       0.00      56   0 Secure System
     19     6.59       3.96       0.00    9460   0 SecurityHealthService
     10     1.69       2.42       0.12    4940   8 SecurityHealthSystray
     15     7.47       6.59       0.00     924   0 services
      7     7.75       4.90       0.00   11828   0 SgrmBroker
     26    15.21       5.27       0.47    8680   8 ShellExperienceHost
     19     6.44      13.90       8.16    6720   8 sihost
      4     1.04       0.32       0.00     460   0 smss
     29    13.77      13.10       0.00    3216   0 spoolsv
     32    24.68      15.74       5.12    2796   8 StartMenuExperienceHost
     87   165.04      99.21   1,240.25   11952   8 Surfshark
     52    55.44      10.11       0.00    9380   0 Surfshark.Service
     25    18.12      18.79       0.00     656   0 svchost
     14     3.00       2.41       0.00     968   0 svchost
     21    13.47      12.94       0.00    1072   0 svchost
     13     3.07       4.84       0.00    1120   0 svchost
      8     1.14       1.16       0.00    1220   0 svchost
     27     7.66       5.11       0.00    1244   0 svchost
     13     2.81       6.31       0.00    1256   0 svchost
     12     2.68       3.71       0.00    1292   0 svchost
     22     9.65       6.51       0.00    1468   0 svchost
      7     1.31       2.68       0.00    1488   0 svchost
     10     1.95       3.89       0.00    1508   0 svchost
     12     2.87       7.24       0.00    1656   0 svchost
      9     2.37       5.17       0.00    1724   0 svchost
     13    17.34      11.58       0.00    1740   0 svchost
      7     2.08       4.01       0.00    1752   0 svchost
     10     2.93       6.54       0.00    1772   0 svchost
     18     8.11       7.36       0.00    1808   0 svchost
     14     2.85       6.21       0.47    1840   8 svchost
     14     9.15       7.39       0.00    1904   0 svchost
     12     2.12       5.50       0.00    1944   0 svchost
     11     3.76      12.71       0.00    1988   0 svchost
     10     2.56       5.10       0.00    2088   0 svchost
     14    40.38      37.93       0.00    2100   0 svchost
      8     1.40       4.04       0.00    2104   0 svchost
     11    10.63      14.71       0.00    2156   0 svchost
     10     2.09       5.52       0.00    2272   0 svchost
     11     3.09       2.14       0.00    2280   0 svchost
     15     5.25       7.25       0.00    2284   0 svchost
      8     1.47       3.75       0.00    2456   0 svchost
     13     3.91       7.95       0.00    2488   0 svchost
     14     4.33      11.03       0.00    2680   0 svchost
     12     3.83       7.45       0.00    2768   0 svchost
     10     1.82       3.26       0.00    2920   0 svchost
     20     6.44      10.05       0.00    2928   0 svchost
     15     2.92       5.80       0.00    2932   0 svchost
     15     4.66       6.19       0.00    2940   0 svchost
     10     2.55       4.53       0.00    3020   0 svchost
     14     2.63       6.34       0.00    3092   0 svchost
      9     1.51       3.45       0.00    3116   0 svchost
     14     7.32      10.39       0.00    3132   0 svchost
     33    16.12       8.41       0.00    3192   0 svchost
     12     1.80       3.87       0.00    3332   0 svchost
     11     1.98       3.54       0.00    3340   0 svchost
      5     1.06       0.83       0.00    3352   0 svchost
     18     3.16       3.70       0.00    3368   0 svchost
     12     2.23       3.18       0.00    3436   0 svchost
     10     2.84       4.82       0.00    3440   0 svchost
     23    44.51      18.43       0.00    3448   0 svchost
     29     7.56       9.02       0.00    3464   0 svchost
     28    22.58      18.95       0.00    3472   0 svchost
     14     2.75       3.63       0.00    3480   0 svchost
     19    11.33       8.89       0.00    3500   0 svchost
      9     1.59       1.38       0.00    3596   0 svchost
     20     6.19       9.49       0.00    3608   0 svchost
      7     1.27       2.12       0.00    3652   0 svchost
     22     7.85      15.48       0.00    3688   0 svchost
      7     1.35       1.05       0.00    3904   0 svchost
     16     3.60       7.19       0.00    4000   0 svchost
     12     2.43       3.54       0.00    4172   0 svchost
     25     3.62       4.46       0.00    4232   0 svchost
     10     1.92       4.00       0.00    4300   0 svchost
     16     2.98       5.43       0.00    4448   0 svchost
     15     6.08       2.14       0.00    4564   0 svchost
      8     1.71       1.91       0.00    4944   0 svchost
     14     3.84       6.09       0.00    5288   0 svchost
     10     1.60       1.45       0.00    5600   0 svchost
     18     1.78       2.23       0.00    5672   0 svchost
     16     3.15       3.53       0.00    5700   0 svchost
     13     2.65       5.40       0.00    5748   0 svchost
     14    11.12      10.58       0.00    5972   0 svchost
     11     2.12       3.75       0.00    6072   0 svchost
     12     3.10       6.13       0.00    6224   0 svchost
      9     1.87       2.64       0.00    6248   0 svchost
     22     6.09      10.90       0.00    6644   0 svchost
     10     3.38      11.30       0.00    7316   0 svchost
     23     8.57      13.34       5.03    7328   8 svchost
     10     2.07       4.47       0.00    7460   0 svchost
     19     7.54       7.70       0.00    7556   0 svchost
     82    99.04      12.09       0.00    7684   0 svchost
     20     6.66      10.07       0.00    7896   0 svchost
     20    10.83      15.14      15.27    8824   8 svchost
     15     4.39       7.93       0.00    9124   0 svchost
      8     1.82       3.27       0.00    9520   0 svchost
     13     2.80       4.87       0.00    9536   0 svchost
     20     6.89      14.80       2.78   10724   8 svchost
      7     1.24       0.50       0.00   10828   0 svchost
     13     2.80       0.97       0.00   11280   0 svchost
     13     2.75       4.84       0.00   11960   0 svchost
     12     2.64       9.62       0.00   14408   0 svchost
      7     3.69       8.93       0.00   15260   0 svchost
      0     0.22       1.93       0.00       4   0 System
     37    18.58       0.44       2.27    5448   8 SystemSettings
     17     3.91      10.64       4.12   11284   8 TabTip
     32     7.22      12.12       3.80    9912   8 taskhostw
     23    14.01       9.69       5.31    2052   8 TextInputHost
     11     2.15       4.34       0.28    9152   8 UserOOBEBroker
      9     2.36       3.56       0.00    7104   0 vmcompute
     11     1.66       2.60       0.00     784   0 wininit
     12     2.62       9.66       0.00    3796   8 winlogon
      7     1.22       1.51       0.00    3976   0 WirelessKB850NotificationService
     29     9.95       4.39       0.00    5904   0 wmpnetwk

